GOOGLE_ANALYTICS_ID=UA-17163651-1
MAP_CENTER_LATITUDE=53.350140
MAP_CENTER_LONGITUDE=-6.266155